Total de grafos no arquivo: 10

Grafo: 1
Rótulos geradores: [93][60][77][100][6][67][35][76][123][64][72][15][124]

Grafo: 2
Rótulos geradores: [59][14][80][104][58][2][84][85][122][9][33][101][45][64][57]

Grafo: 3
Rótulos geradores: [76][104][119][46][41][19][79][102][33][88][85][35]

Grafo: 4
Rótulos geradores: [104][81][49][71][77][31][56][46][38][119][111]

Grafo: 5
Rótulos geradores: [69][10][20][47][59][32][14][103][74][117][75][108][55][1][9][13][62][24][33][45][105][86]

Grafo: 6
Rótulos geradores: [87][31][80][68][92][73][46][111][45][64][94][56][67][18][57][71][0][27][107][51]

Grafo: 7
Rótulos geradores: [33][14][109][93][27][51][40][50][6][88][105][48][22]

Grafo: 8
Rótulos geradores: [60][20][28][8][44][37][90][53][30][109][107][88][36][104][118][50]

Grafo: 9
Rótulos geradores: [42][81][5][2][30][36][28][38][11][10][52][68][15][104][31][83][0]

Grafo: 10
Rótulos geradores: [36][14][106][20][99][57][120][124][92][60][29][95][16][110][114]


Média de Rótulos: 15.4
Tempo Total: 171.0 ms
Tempo Médio: 17.1 ms

