Total de grafos no arquivo: 10

Grafo: 1
Rótulos geradores: [358][321][54][186][435][476][447][486][372][430][306][398][394][269][275][107][99][106][400][7][402][160]

Grafo: 2
Rótulos geradores: [46][471][302][173][411][488][286][290][145][395][97][67][129][66][13][220][214][21][285]

Grafo: 3
Rótulos geradores: [123][391][147][6][381][251][386][359][32][467][89][425][126][199][69][141][94][116][334][227]

Grafo: 4
Rótulos geradores: [454][127][158][146][75][392][167][23][41][457][14][108][276][291][243][4][144][136][484]

Grafo: 5
Rótulos geradores: [327][0][197][345][249][407][233][350][207][280][1][95][11][70][371]

Grafo: 6
Rótulos geradores: [332][379][68][462][179][310][343][460][442][157][361][149][48][187][342][236][393]

Grafo: 7
Rótulos geradores: [445][353][209][382][215][367][217][355][315][455][322][356][54][190][173][276][228][410][114]

Grafo: 8
Rótulos geradores: [256][460][201][200][312][100][83][17][386][145][302][219][205][430][310][166][80]

Grafo: 9
Rótulos geradores: [204][101][297][177][294][163][438][142][396][83][132][270][19][298][124][323][79][307][457]

Grafo: 10
Rótulos geradores: [241][497][195][233][385][346][498][397][116][275][206][132][222][292][308][128]


Média de Rótulos: 18.3
Tempo Total: 31446.0 ms
Tempo Médio: 3144.6 ms

