Total de grafos no arquivo: 10

Grafo: 1
Rótulos geradores: [44][68][134][590][161][281][534][333][335][549][318][298][462][525][616][491][175][244][277][448][250][131]

Grafo: 2
Rótulos geradores: [503][174][568][33][58][514][610][71][132][314][369][52][231][609][293][465][260][139][342][402][145][246][517]

Grafo: 3
Rótulos geradores: [87][225][184][547][40][85][480][586][172][450][280][489][121][11][456][5][61][501][437][149][328]

Grafo: 4
Rótulos geradores: [568][490][389][296][278][248][282][358][109][253][101][142][578][222][230][242][151][252][344][328][333][433][560]

Grafo: 5
Rótulos geradores: [107][157][387][201][384][205][369][0][312][51][256][121][440][558][139][294][264][351][320][115][72][370][311][47][88]

Grafo: 6
Rótulos geradores: [415][545][442][166][289][571][234][428][440][92][312][444][427][394][42][622][441][192][557][535][45]

Grafo: 7
Rótulos geradores: [556][394][271][478][402][441][225][166][618][435][513][506][146][539][190][518][235][25][500][221][303]

Grafo: 8
Rótulos geradores: [320][575][463][563][251][255][98][182][483][607][120][495][503][550][131][445][100][326][75]

Grafo: 9
Rótulos geradores: [255][483][407][311][204][367][211][381][50][591][271][129][111][615][459][266][624][1][206]

Grafo: 10
Rótulos geradores: [278][622][302][610][212][50][347][106][29][246][265][131][394][464][465][405][425][418][68][399][384][575][457][597]


Média de Rótulos: 21.8
Tempo Total: 33698.0 ms
Tempo Médio: 3369.8 ms

