Total de grafos no arquivo: 10

Grafo: 1
Rótulos geradores: [47][104][192][124][196][159][92][112][162][103][5][22][143][123][15]

Grafo: 2
Rótulos geradores: [171][197][50][127][121][97][91][92][185][83][12][39][79][49][177][195][14]

Grafo: 3
Rótulos geradores: [166][163][61][128][135][1][187][7][133][33][93][126][53][112]

Grafo: 4
Rótulos geradores: [79][43][90][106][193][182][25][11][70][145][108][116][173][107]

Grafo: 5
Rótulos geradores: [186][80][191][28][91][57][63][108][23][53][164][161][192][117][1][173]

Grafo: 6
Rótulos geradores: [2][27][187][189][112][82][193][89][87][191][158][11]

Grafo: 7
Rótulos geradores: [59][85][121][191][128][144][92][119][135][104][181][67][186][33][146][138][16][8][71][93][86][149][102][136][72][182][130][150][34][151][27][75][124][88]

Grafo: 8
Rótulos geradores: [37][86][65][55][113][173][138][81][121][44][98][84]

Grafo: 9
Rótulos geradores: [58][79][142][122][180][62][27][136][125][29][9][172][47][43][166][170]

Grafo: 10
Rótulos geradores: [117][88][192][112][176][170][100][191][187][53][124][41][119][167]


Média de Rótulos: 16.4
Tempo Total: 1443.0 ms
Tempo Médio: 144.3 ms

