Total de grafos no arquivo: 10

Grafo: 1
Rótulos geradores: [93][203][199][240][245][174][206][159][195][123][22][59][212][114][192][37][179]

Grafo: 2
Rótulos geradores: [158][248][246][214][73][45][180][233][54][104][170][195][60][16][177][97][188][222][58][76]

Grafo: 3
Rótulos geradores: [208][152][137][15][65][217][155][239][21][247][79][161][172]

Grafo: 4
Rótulos geradores: [99][239][242][54][84][32][117][11][235][142][93][48][88][216][34][146][51][98][119]

Grafo: 5
Rótulos geradores: [239][233][100][248][35][186][210][122][70][246][20][143][99][133][4][209][236][162][53][199][138][9][131][134][85][73][17]

Grafo: 6
Rótulos geradores: [167][34][3][109][231][78][22][184][53][234][83][90][171][247][6][144][50][35][44]

Grafo: 7
Rótulos geradores: [74][66][176][239][40][167][11][224][80][115][154][44][1][171][48][38][86]

Grafo: 8
Rótulos geradores: [47][105][142][87][116][90][124][13][185][249][123][112][196][23][88][41][108]

Grafo: 9
Rótulos geradores: [99][237][37][73][34][243][153][128][185][74][12][218][193][95][162][190][6]

Grafo: 10
Rótulos geradores: [110][240][146][108][161][99][31][214][126][194][198][171][100][125][79][133][149][28][27][140][103][176][49][47][200][19][7][237][33]


Média de Rótulos: 19.5
Tempo Total: 1466.0 ms
Tempo Médio: 146.6 ms

