Total de grafos no arquivo: 10

Grafo: 1
Rótulos geradores: [256][284][241][160][320][128][176][272][240][319][45][52][263][182][33][88]

Grafo: 2
Rótulos geradores: [393][285][295][330][34][270][254][367][101][314][300][131][207][87][18][241][90][397][336][166][266]

Grafo: 3
Rótulos geradores: [118][327][306][14][317][36][52][372][170][21][326][349][68][313][181]

Grafo: 4
Rótulos geradores: [101][383][309][280][298][253][234][312][185][242][260][168][130][33][389][223][96][276]

Grafo: 5
Rótulos geradores: [268][391][384][14][323][309][180][150][38][256][321][96][347][331][100][88][328]

Grafo: 6
Rótulos geradores: [278][186][145][321][387][68][244][295][160][164][174][323][148][3]

Grafo: 7
Rótulos geradores: [336][323][54][396][139][259][91][176][182][221][332][282][125][288][38][155]

Grafo: 8
Rótulos geradores: [356][209][295][39][360][306][226][96][91][147][85][367][1][322][347][114][21][116][141][278][217][138][283][64][101][4]

Grafo: 9
Rótulos geradores: [179][113][330][66][240][78][162][54][312][7][48][127][242][97][58][335][4][235][229]

Grafo: 10
Rótulos geradores: [395][252][375][316][186][245][279][275][320][176][253][355][131]


Média de Rótulos: 17.5
Tempo Total: 14680.0 ms
Tempo Médio: 1468.0 ms

