Total de grafos no arquivo: 10

Grafo: 1
Rótulos geradores: [320][42][391][16][483][467][393][441][132][421][44][196][180][308][272][12][115][315][178][338]

Grafo: 2
Rótulos geradores: [237][117][101][319][389][454][279][207][106][402][206][157][262][420][159][269][98][184][349][166]

Grafo: 3
Rótulos geradores: [147][318][366][324][18][193][146][444][245][409][462][104][493][157][458][60][478][229][208][234][297][81][288][449]

Grafo: 4
Rótulos geradores: [479][484][127][126][267][164][428][399][186][476][192][155][373][23][351][177][293][389][313][78][238][66]

Grafo: 5
Rótulos geradores: [335][466][187][480][120][489][98][264][52][402][400][37][332][219][311][393][229][347][433][248][143][486][448][271][473][196][89][327]

Grafo: 6
Rótulos geradores: [219][402][411][494][237][233][368][139][179][40][272][412][348][9][270][49][184][274][375][86]

Grafo: 7
Rótulos geradores: [215][89][174][291][320][315][138][457][37][151][424][452][156][148][150][58][243][222][366][267][403]

Grafo: 8
Rótulos geradores: [291][167][201][34][264][151][440][354][445][140][387][71][10][235][181][215][302][407][42][327]

Grafo: 9
Rótulos geradores: [9][310][201][154][203][198][305][220][90][455][49][336][420][184][206][40][473][88][92][166][186][17][87][224]

Grafo: 10
Rótulos geradores: [493][497][150][457][210][275][170][99][274][4][157][111][412][489][397][232][207][79][181][401][172][289]


Média de Rótulos: 22.1
Tempo Total: 16704.0 ms
Tempo Médio: 1670.4 ms

